5
16
1 4 0 0 1 0 1 1 0 1
2 4 1 0 2 0 2 1 1 1
3 4 2 0 3 0 3 1 2 1
4 4 3 0 4 0 4 1 3 1
5 4 0 1 1 1 1 2 0 2
6 4 1 1 2 1 2 2 1 2
7 4 2 1 3 1 3 2 2 2
8 4 3 1 4 1 4 2 3 2
9 4 0 2 1 2 1 3 0 3
10 4 1 2 2 2 2 3 1 3
11 4 2 2 3 2 3 3 2 3
12 4 3 2 4 2 4 3 3 3
13 4 0 3 1 3 1 4 0 4
14 4 1 3 2 3 2 4 1 4
15 4 2 3 3 3 3 4 2 4
16 4 3 3 4 3 4 4 3 4
25
1 4 0 0 1 0 1 1 0 1
2 4 1 0 2 0 2 1 1 1
3 4 2 0 3 0 3 1 2 1
4 4 3 0 4 0 4 1 3 1
5 4 4 0 5 0 5 1 4 1
6 4 0 1 1 1 1 2 0 2
7 4 1 1 2 1 2 2 1 2
8 4 2 1 3 1 3 2 2 2
9 4 3 1 4 1 4 2 3 2
10 4 4 1 5 1 5 2 4 2
11 4 0 2 1 2 1 3 0 3
12 4 1 2 2 2 2 3 1 3
13 4 2 2 3 2 3 3 2 3
14 4 3 2 4 2 4 3 3 3
15 4 4 2 5 2 5 3 4 3
16 4 0 3 1 3 1 4 0 4
17 4 1 3 2 3 2 4 1 4
18 4 2 3 3 3 3 4 2 4
19 4 3 3 4 3 4 4 3 4
20 4 4 3 5 3 5 4 4 4
21 4 0 4 1 4 1 5 0 5
22 4 1 4 2 4 2 5 1 5
23 4 2 4 3 4 3 5 2 5
24 4 3 4 4 4 4 5 3 5
25 4 4 4 5 4 5 5 4 5
36
1 4 0 0 1 0 1 1 0 1
2 4 1 0 2 0 2 1 1 1
3 4 2 0 3 0 3 1 2 1
4 4 3 0 4 0 4 1 3 1
5 4 4 0 5 0 5 1 4 1
6 4 5 0 6 0 6 1 5 1
7 4 0 1 1 1 1 2 0 2
8 4 1 1 2 1 2 2 1 2
9 4 2 1 3 1 3 2 2 2
10 4 3 1 4 1 4 2 3 2
11 4 4 1 5 1 5 2 4 2
12 4 5 1 6 1 6 2 5 2
13 4 0 2 1 2 1 3 0 3
14 4 1 2 2 2 2 3 1 3
15 4 2 2 3 2 3 3 2 3
16 4 3 2 4 2 4 3 3 3
17 4 4 2 5 2 5 3 4 3
18 4 5 2 6 2 6 3 5 3
19 4 0 3 1 3 1 4 0 4
20 4 1 3 2 3 2 4 1 4
21 4 2 3 3 3 3 4 2 4
22 4 3 3 4 3 4 4 3 4
23 4 4 3 5 3 5 4 4 4
24 4 5 3 6 3 6 4 5 4
25 4 0 4 1 4 1 5 0 5
26 4 1 4 2 4 2 5 1 5
27 4 2 4 3 4 3 5 2 5
28 4 3 4 4 4 4 5 3 5
29 4 4 4 5 4 5 5 4 5
30 4 5 4 6 4 6 5 5 5
31 4 0 5 1 5 1 6 0 6
32 4 1 5 2 5 2 6 1 6
33 4 2 5 3 5 3 6 2 6
34 4 3 5 4 5 4 6 3 6
35 4 4 5 5 5 5 6 4 6
36 4 5 5 6 5 6 6 5 6
24
1 4 0 0 1 0 1 1 0 1
2 4 1 0 2 0 2 1 1 1
3 4 2 0 3 0 3 1 2 1
4 4 3 0 4 0 4 1 3 1
5 4 4 0 5 0 5 1 4 1
6 4 5 0 6 0 6 1 5 1
7 4 0 1 1 1 1 2 0 2
8 4 1 1 2 1 2 2 1 2
9 4 2 1 3 1 3 2 2 2
10 4 3 1 4 1 4 2 3 2
11 4 4 1 5 1 5 2 4 2
12 4 5 1 6 1 6 2 5 2
13 4 0 2 1 2 1 3 0 3
14 4 1 2 2 2 2 3 1 3
15 4 2 2 3 2 3 3 2 3
16 4 3 2 4 2 4 3 3 3
17 4 4 2 5 2 5 3 4 3
18 4 5 2 6 2 6 3 5 3
19 4 0 3 1 3 1 4 0 4
20 4 1 3 2 3 2 4 1 4
21 4 2 3 3 3 3 4 2 4
22 4 3 3 4 3 4 4 3 4
23 4 4 3 5 3 5 4 4 4
24 4 5 3 6 3 6 4 5 4
28
1 4 0 0 1 0 1 1 0 1
2 4 1 0 2 0 2 1 1 1
3 4 2 0 3 0 3 1 2 1
4 4 3 0 4 0 4 1 3 1
5 4 0 1 1 1 1 2 0 2
6 4 1 1 2 1 2 2 1 2
7 4 2 1 3 1 3 2 2 2
8 4 3 1 4 1 4 2 3 2
9 4 0 2 1 2 1 3 0 3
10 4 1 2 2 2 2 3 1 3
11 4 2 2 3 2 3 3 2 3
12 4 3 2 4 2 4 3 3 3
13 4 0 3 1 3 1 4 0 4
14 4 1 3 2 3 2 4 1 4
15 4 2 3 3 3 3 4 2 4
16 4 3 3 4 3 4 4 3 4
17 4 0 4 1 4 1 5 0 5
18 4 1 4 2 4 2 5 1 5
19 4 2 4 3 4 3 5 2 5
20 4 3 4 4 4 4 5 3 5
21 4 0 5 1 5 1 6 0 6
22 4 1 5 2 5 2 6 1 6
23 4 2 5 3 5 3 6 2 6
24 4 3 5 4 5 4 6 3 6
25 4 0 6 1 6 1 7 0 7
26 4 1 6 2 6 2 7 1 7
27 4 2 6 3 6 3 7 2 7
28 4 3 6 4 6 4 7 3 7
