5
5
1 4 0 0 1 0 1 1 0 1
2 4 1 0 2 0 2 1 1 1
3 4 2 0 3 0 3 1 2 1
4 4 3 0 4 0 4 1 3 1
5 4 4 0 5 0 5 1 4 1
8
1 4 0 0 1 0 1 1 0 1
2 4 1 0 2 0 2 1 1 1
3 4 2 0 3 0 3 1 2 1
4 4 3 0 4 0 4 1 3 1
5 4 4 0 5 0 5 1 4 1
6 4 5 0 6 0 6 1 5 1
7 4 6 0 7 0 7 1 6 1
8 4 7 0 8 0 8 1 7 1
10
1 4 0 0 1 0 1 1 0 1
2 4 1 0 2 0 2 1 1 1
3 4 2 0 3 0 3 1 2 1
4 4 3 0 4 0 4 1 3 1
5 4 4 0 5 0 5 1 4 1
6 4 5 0 6 0 6 1 5 1
7 4 6 0 7 0 7 1 6 1
8 4 7 0 8 0 8 1 7 1
9 4 8 0 9 0 9 1 8 1
10 4 9 0 10 0 10 1 9 1
15
1 4 0 0 1 0 1 1 0 1
2 4 1 0 2 0 2 1 1 1
3 4 2 0 3 0 3 1 2 1
4 4 3 0 4 0 4 1 3 1
5 4 4 0 5 0 5 1 4 1
6 4 5 0 6 0 6 1 5 1
7 4 6 0 7 0 7 1 6 1
8 4 7 0 8 0 8 1 7 1
9 4 8 0 9 0 9 1 8 1
10 4 9 0 10 0 10 1 9 1
11 4 10 0 11 0 11 1 10 1
12 4 11 0 12 0 12 1 11 1
13 4 12 0 13 0 13 1 12 1
14 4 13 0 14 0 14 1 13 1
15 4 14 0 15 0 15 1 14 1
20
1 4 0 0 1 0 1 1 0 1
2 4 1 0 2 0 2 1 1 1
3 4 2 0 3 0 3 1 2 1
4 4 3 0 4 0 4 1 3 1
5 4 4 0 5 0 5 1 4 1
6 4 5 0 6 0 6 1 5 1
7 4 6 0 7 0 7 1 6 1
8 4 7 0 8 0 8 1 7 1
9 4 8 0 9 0 9 1 8 1
10 4 9 0 10 0 10 1 9 1
11 4 10 0 11 0 11 1 10 1
12 4 11 0 12 0 12 1 11 1
13 4 12 0 13 0 13 1 12 1
14 4 13 0 14 0 14 1 13 1
15 4 14 0 15 0 15 1 14 1
16 4 15 0 16 0 16 1 15 1
17 4 16 0 17 0 17 1 16 1
18 4 17 0 18 0 18 1 17 1
19 4 18 0 19 0 19 1 18 1
20 4 19 0 20 0 20 1 19 1
