10
10
1 4 0 0 1 0 1 1 0 1
2 4 0 1 1 1 1 2 0 2
3 4 0 2 1 2 1 3 0 3
4 4 0 3 1 3 1 4 0 4
5 4 1 0 2 0 2 1 1 1
6 4 1 1 2 1 2 2 1 2
7 4 1 2 2 2 2 3 1 3
8 4 1 3 2 3 2 4 1 4
9 4 0 4 1 4 1 5 0 5
10 4 1 4 2 4 2 5 1 5
12
1 4 0 0 1 0 1 1 0 1
2 4 0 1 1 1 1 2 0 2
3 4 1 0 2 0 2 1 1 1
4 4 1 1 2 1 2 2 1 2
5 4 0 2 1 2 1 3 0 3
6 4 1 2 2 2 2 3 1 3
7 4 0 3 1 3 1 4 0 4
8 4 1 3 2 3 2 4 1 4
9 4 2 0 3 0 3 1 2 1
10 4 2 1 3 1 3 2 2 2
11 4 2 2 3 2 3 3 2 3
12 4 2 3 3 3 3 4 2 4
12
1 4 0 0 1 0 1 1 0 1
2 4 0 1 1 1 1 2 0 2
3 4 1 0 2 0 2 1 1 1
4 4 2 0 3 0 3 1 2 1
5 4 3 0 4 0 4 1 3 1
6 4 1 1 2 1 2 2 1 2
7 4 2 1 3 1 3 2 2 2
8 4 3 1 4 1 4 2 3 2
9 4 4 0 5 0 5 1 4 1
10 4 4 1 5 1 5 2 4 2
11 4 5 0 6 0 6 1 5 1
12 4 5 1 6 1 6 2 5 2
12
1 4 0 0 1 0 1 1 0 1
2 4 1 0 2 0 2 1 1 1
3 4 0 1 1 1 1 2 0 2
4 4 0 2 1 2 1 3 0 3
5 4 0 3 1 3 1 4 0 4
6 4 0 4 1 4 1 5 0 5
7 4 1 1 2 1 2 2 1 2
8 4 1 2 2 2 2 3 1 3
9 4 1 3 2 3 2 4 1 4
10 4 1 4 2 4 2 5 1 5
11 4 0 5 1 5 1 6 0 6
12 4 1 5 2 5 2 6 1 6
14
1 4 0 0 1 0 1 1 0 1
2 4 1 0 2 0 2 1 1 1
3 4 0 1 1 1 1 2 0 2
4 4 1 1 2 1 2 2 1 2
5 4 0 2 1 2 1 3 0 3
6 4 1 2 2 2 2 3 1 3
7 4 0 3 1 3 1 4 0 4
8 4 1 3 2 3 2 4 1 4
9 4 0 4 1 4 1 5 0 5
10 4 1 4 2 4 2 5 1 5
11 4 0 5 1 5 1 6 0 6
12 4 1 5 2 5 2 6 1 6
13 4 0 6 1 6 1 7 0 7
14 4 1 6 2 6 2 7 1 7
18
1 4 0 0 1 0 1 1 0 1
2 4 1 0 2 0 2 1 1 1
3 4 0 1 1 1 1 2 0 2
4 4 1 1 2 1 2 2 1 2
5 4 0 2 1 2 1 3 0 3
6 4 1 2 2 2 2 3 1 3
7 4 0 3 1 3 1 4 0 4
8 4 1 3 2 3 2 4 1 4
9 4 0 4 1 4 1 5 0 5
10 4 1 4 2 4 2 5 1 5
11 4 2 0 3 0 3 1 2 1
12 4 2 1 3 1 3 2 2 2
13 4 2 2 3 2 3 3 2 3
14 4 2 3 3 3 3 4 2 4
15 4 2 4 3 4 3 5 2 5
16 4 0 5 1 5 1 6 0 6
17 4 1 5 2 5 2 6 1 6
18 4 2 5 3 5 3 6 2 6
15
1 4 0 0 1 0 1 1 0 1
2 4 0 1 1 1 1 2 0 2
3 4 1 0 2 0 2 1 1 1
4 4 1 1 2 1 2 2 1 2
5 4 0 2 1 2 1 3 0 3
6 4 0 3 1 3 1 4 0 4
7 4 1 2 2 2 2 3 1 3
8 4 1 3 2 3 2 4 1 4
9 4 2 0 3 0 3 1 2 1
10 4 2 1 3 1 3 2 2 2
11 4 2 2 3 2 3 3 2 3
12 4 2 3 3 3 3 4 2 4
13 4 0 4 1 4 1 5 0 5
14 4 1 4 2 4 2 5 1 5
15 4 2 4 3 4 3 5 2 5
20
1 4 0 0 1 0 1 1 0 1
2 4 0 1 1 1 1 2 0 2
3 4 1 0 2 0 2 1 1 1
4 4 1 1 2 1 2 2 1 2
5 4 0 2 1 2 1 3 0 3
6 4 1 2 2 2 2 3 1 3
7 4 2 0 3 0 3 1 2 1
8 4 2 1 3 1 3 2 2 2
9 4 3 0 4 0 4 1 3 1
10 4 3 1 4 1 4 2 3 2
11 4 2 2 3 2 3 3 2 3
12 4 3 2 4 2 4 3 3 3
13 4 0 3 1 3 1 4 0 4
14 4 1 3 2 3 2 4 1 4
15 4 2 3 3 3 3 4 2 4
16 4 3 3 4 3 4 4 3 4
17 4 4 0 5 0 5 1 4 1
18 4 4 1 5 1 5 2 4 2
19 4 4 2 5 2 5 3 4 3
20 4 4 3 5 3 5 4 4 4
24
1 4 0 0 1 0 1 1 0 1
2 4 0 1 1 1 1 2 0 2
3 4 1 0 2 0 2 1 1 1
4 4 1 1 2 1 2 2 1 2
5 4 2 0 3 0 3 1 2 1
6 4 2 1 3 1 3 2 2 2
7 4 3 0 4 0 4 1 3 1
8 4 3 1 4 1 4 2 3 2
9 4 4 0 5 0 5 1 4 1
10 4 4 1 5 1 5 2 4 2
11 4 5 0 6 0 6 1 5 1
12 4 5 1 6 1 6 2 5 2
13 4 6 0 7 0 7 1 6 1
14 4 6 1 7 1 7 2 6 2
15 4 7 0 8 0 8 1 7 1
16 4 7 1 8 1 8 2 7 2
17 4 0 2 1 2 1 3 0 3
18 4 1 2 2 2 2 3 1 3
19 4 2 2 3 2 3 3 2 3
20 4 3 2 4 2 4 3 3 3
21 4 4 2 5 2 5 3 4 3
22 4 5 2 6 2 6 3 5 3
23 4 6 2 7 2 7 3 6 3
24 4 7 2 8 2 8 3 7 3
20
1 4 0 0 1 0 1 1 0 1
2 4 1 0 2 0 2 1 1 1
3 4 2 0 3 0 3 1 2 1
4 4 0 1 1 1 1 2 0 2
5 4 0 2 1 2 1 3 0 3
6 4 0 3 1 3 1 4 0 4
7 4 1 1 2 1 2 2 1 2
8 4 1 2 2 2 2 3 1 3
9 4 2 1 3 1 3 2 2 2
10 4 2 2 3 2 3 3 2 3
11 4 1 3 2 3 2 4 1 4
12 4 2 3 3 3 3 4 2 4
13 4 0 4 1 4 1 5 0 5
14 4 1 4 2 4 2 5 1 5
15 4 2 4 3 4 3 5 2 5
16 4 3 0 4 0 4 1 3 1
17 4 3 1 4 1 4 2 3 2
18 4 3 2 4 2 4 3 3 3
19 4 3 3 4 3 4 4 3 4
20 4 3 4 4 4 4 5 3 5
